10031	733.0	1
10075	645.0	1
10178	50.0	1
10200	776.0	1
10250	900.0	1
10281	534.0	1
10287	996.0	1
10296	0.0	1
10315	951.0	1
10369	530.0	1
10412	0.0	1
10441	1438.0	5
10495	574.0	1
10550	851.0	1
10552	0.0	2
10570	23.0	1
10573	0.0	1
10575	2058.0	1
10589	567.0	1
10677	0.0	1
10744	881.0	1
10796	411.0	1
10817	798.0	1
10897	657.0	1
10915	72.0	1
10949	0.0	1
10994	191.0	1
10998	749.0	1
11035	907.0	1
11077	180.0	1
11091	589.0	1
11097	351.0	1
11099	709.0	1
11102	694.0	1
11106	2055.0	1
11119	650.0	1
11157	0.0	1
11163	625.0	1
11215	542.0	1
11221	92.0	1
11246	515.0	1
11330	717.0	1
11376	2183.0	1
11379	1025.0	4
11384	976.0	1
11397	406.0	1
11422	857.0	1
11449	558.0	1
11458	1144.0	4
11474	445.0	1
11512	0.0	1
11521	791.0	1
11524	2208.0	1
11540	12.0	1
11546	722.0	1
11659	649.0	1
11738	741.0	1
11955	926.0	1
12033	632.0	1
12047	790.0	1
12097	760.0	1
12199	6.0	1
12208	2065.0	1
12233	36.0	1
12260	798.0	1
12264	525.0	1
12355	513.0	1
12372	2079.0	1
12388	1124.0	1
12393	8.0	1
12445	699.0	1
12447	162.0	1
12460	914.0	1
12474	20.0	1
12543	674.0	1
12545	660.0	1
12594	84.0	1
12626	537.0	1
12669	55.0	1
12687	2274.0	1
12805	0.0	1
12821	323.0	1
12845	592.0	1
12962	659.0	1
12964	2100.0	1
12989	43.0	1
12994	194.0	1
13088	984.0	1
13093	522.0	1
13098	58.0	1
13138	2104.0	1
13171	638.0	1
13201	911.0	4
13266	664.0	1
13272	586.0	1
13287	797.0	1
13289	0.0	1
13306	0.0	1
13340	568.0	1
13343	0.0	2
13372	0.0	2
13379	25.0	1
13380	596.0	1
13395	537.0	1
13438	0.0	1
13476	514.0	1
13526	97.0	1
13527	69.0	1
13563	652.0	1
13670	724.0	1
13783	88.0	1
13828	2075.0	1
13869	2188.0	1
13881	91.0	1
13890	657.0	1
13900	97.0	1
13901	18.0	1
13907	19.0	1
13933	85.0	1
13973	705.0	1
14054	0.0	1
14081	404.0	1
14165	765.0	1
14239	660.0	1
14249	991.0	1
14388	708.0	1
14396	21.0	1
14417	260.0	1
14468	0.0	1
14511	0.0	1
14638	22.0	1
14683	206.0	1
14707	2136.0	1
14751	1324.0	7
14784	345.0	1
14815	616.0	1
14839	755.0	1
14845	564.0	1
14848	349.0	1
14923	7.0	1
15001	339.0	1
15046	0.0	1
15050	0.0	1
15115	2005.0	1
15135	22.0	1
15172	443.0	1
15346	0.0	2
15380	55.0	1
15403	45.0	1
15469	1175.0	3
15511	296.0	1
15536	0.0	2
15596	162.0	3
15719	707.0	1
15726	0.0	1
15738	726.0	1
15767	915.0	1
15930	0.0	1
15959	0.0	2
15970	2243.0	1
16037	585.0	1
16040	681.0	1
16051	254.0	1
16093	89.0	1
16099	932.0	1
16112	454.0	1
16124	0.0	2
16126	534.0	1
16130	962.0	1
16137	578.0	1
16184	2200.0	1
16191	712.0	1
16260	641.0	1
16275	651.0	1
16344	835.0	1
16352	23.0	1
16355	19.0	1
16364	588.0	1
16383	824.0	1
16389	801.0	1
16405	628.0	1
16524	20.0	1
16551	340.0	1
16554	874.0	1
16568	2278.0	1
16672	86.0	1
16707	350.0	1
16717	324.0	1
16761	495.0	1
16765	0.0	1
16781	2267.0	1
16869	91.0	1
16897	653.0	1
16900	687.0	1
17006	2041.0	1
17057	1127.0	1
17061	962.0	1
17080	0.0	2
17117	763.0	1
17120	617.0	1
17197	619.0	1
17206	401.0	1
17222	52.0	1
17260	315.0	1
17289	15.0	1
17301	423.0	1
17341	509.0	1
17353	0.0	1
17387	763.0	1
17439	391.0	1
17478	235.0	1
17516	0.0	1
17578	563.0	1
17710	885.0	1
17729	833.0	1
17743	744.0	1
17762	369.0	1
17790	941.0	1
17797	525.0	1
17847	628.0	1
17876	2178.0	1
17901	0.0	2
17904	79.0	1
17952	524.0	1
17955	874.0	1
18025	43.0	1
18037	903.0	1
18114	880.0	1
18145	435.0	1
18170	965.0	1
18175	986.0	1
18194	462.0	1
18204	279.0	1
18218	566.0	1
18290	969.0	1
18346	740.0	1
18386	1.0	1
18405	1182.0	1
18416	987.0	1
18499	522.0	1
18557	131.0	1
18562	552.0	1
18589	0.0	1
18600	0.0	1
18604	671.0	1
18678	0.0	1
18705	1227.0	4
18712	509.0	1
18723	70.0	1
18738	2071.0	1
18748	846.0	3
18796	732.0	1
18828	2198.0	1
18850	500.0	1
18912	791.0	1
18978	305.0	1
18990	757.0	1
19070	0.0	2
19082	555.0	1
19086	0.0	1
19136	602.0	1
19150	428.0	1
19182	218.0	1
19252	699.0	1
19309	953.0	1
19311	860.0	1
19337	0.0	1
19437	901.0	1
19448	873.0	1
19507	651.0	1
19536	0.0	1
19545	0.0	1
19639	961.0	1
19696	1364.0	2
19701	24.0	1
19706	2245.0	1
19717	53.0	1
19722	88.0	1
19732	830.0	1
19782	76.0	1
19811	0.0	2
19816	773.0	1
19826	846.0	1
19887	0.0	1
19914	15.0	1
19981	674.0	5
20033	2042.0	1
20076	986.0	1
20119	833.0	1
20142	45.0	1
20151	7.0	1
20163	68.0	1
20256	104.0	1
20259	24.0	1
20266	608.0	1
20291	786.0	1
20316	42.0	1
20327	679.0	1
20354	2138.0	1
20375	755.0	1
20398	17.0	1
20403	661.0	1
20424	1847.0	5
20472	719.0	2
20500	809.0	1
20514	524.0	1
20572	304.0	1
20582	0.0	1
20599	0.0	1
20614	10.0	1
20648	0.0	1
20670	1174.0	2
20718	0.0	1
20725	150.0	1
20768	2143.0	1
20773	0.0	1
20798	546.0	1
20822	0.0	1
20830	825.0	1
20839	1400.0	5
20858	272.0	1
20879	66.0	1
20927	2252.0	1
20960	0.0	1
20980	2099.0	1
21091	23.0	1
21102	937.0	1
21110	1417.0	1
21154	238.0	1
21156	903.0	1
21247	570.0	1
21290	332.0	1
21294	60.0	1
21331	16.0	1
21359	683.0	1
21473	538.0	1
21511	803.0	1
21516	1323.0	5
21525	2074.0	1
21527	191.0	1
21530	607.0	1
21614	771.0	5
21617	2294.0	1
21664	82.0	1
21711	1194.0	2
21729	605.0	1
21781	771.0	1
21783	2063.0	1
21794	187.0	1
21813	0.0	2
21874	0.0	1
21875	833.0	1
21939	919.0	1
22022	0.0	1
22047	39.0	1
22059	53.0	1
22111	0.0	1
22149	6.0	1
22154	647.0	1
22184	339.0	1
22288	530.0	1
22300	0.0	1
22305	46.0	1
22362	0.0	1
22421	113.0	1
22427	695.0	1
22429	40.0	1
22448	20.0	1
22462	955.0	1
22517	542.0	1
22615	21.0	1
22704	884.0	1
22733	3.0	1
22738	651.0	1
22740	649.0	1
22790	39.0	1
22831	1492.0	5
22846	755.0	1
22853	682.0	1
22921	518.0	1
22950	805.0	1
22988	505.0	1
23059	526.0	1
23091	803.0	1
23104	948.0	1
23146	0.0	1
23190	901.0	1
23215	998.0	1
23263	640.0	1
23302	504.0	1
23310	0.0	1
23338	0.0	2
23385	59.0	1
23492	150.0	1
23546	40.0	1
23556	2260.0	1
23599	731.0	1
23673	92.0	1
23685	2063.0	1
23697	604.0	1
23763	2152.0	1
23814	6.0	1
23816	2095.0	1
23826	0.0	1
23835	2163.0	1
23865	672.0	1
23869	584.0	1
23897	1135.0	5
23984	2299.0	1
24010	2075.0	1
24024	729.0	1
24047	2286.0	1
24069	2097.0	1
24104	937.0	1
24132	83.0	1
24212	69.0	1
24288	54.0	1
24300	599.0	1
24319	890.0	1
24331	37.0	1
24491	0.0	1
24562	0.0	1
24577	489.0	1
24595	677.0	1
24596	545.0	1
24639	634.0	1
24679	476.0	1
24681	45.0	1
24687	118.0	1
24729	435.0	1
24736	48.0	1
24755	854.0	1
24793	580.0	1
24830	564.0	1
24846	892.0	1
24922	0.0	1
24924	819.0	1
24934	928.0	1
24958	374.0	1
25049	2127.0	1
25058	16.0	1
25084	0.0	2
25141	97.0	1
25193	719.0	1
25218	23.0	1
25236	578.0	1
25254	747.0	1
25273	509.0	1
25303	21.0	1
25344	122.0	1
25428	1734.0	3
25458	710.0	1
25479	0.0	1
25580	469.0	1
25619	265.0	1
25637	0.0	1
25697	0.0	2
25747	36.0	1
25749	0.0	1
25824	13.0	1
25875	691.0	1
25913	392.0	1
25946	636.0	5
26015	967.0	1
26026	44.0	1
26044	0.0	2
26049	1479.0	1
26069	773.0	1
26083	735.0	1
26095	925.0	3
26159	23.0	1
26178	93.0	1
26189	2225.0	1
26227	1419.0	1
26250	58.0	1
26289	882.0	1
26303	0.0	1
26310	2219.0	1
26376	498.0	1
26414	22.0	1
26428	2243.0	1
26517	500.0	1
26533	671.0	1
26597	1349.0	2
26609	0.0	1
26620	67.0	1
26630	579.0	1
26646	77.0	1
26648	0.0	1
26662	2114.0	1
26742	592.0	1
26780	2297.0	1
26791	2162.0	1
26797	907.0	1
26824	588.0	1
26910	2107.0	1
26970	582.0	1
27008	20.0	1
27027	704.0	1
27056	578.0	1
27070	602.0	1
27074	0.0	2
27079	818.0	5
27109	134.0	1
27115	579.0	1
27125	467.0	1
27133	585.0	1
27206	687.0	1
27249	2277.0	1
27286	794.0	1
27382	700.0	1
27384	853.0	1
27395	60.0	1
27480	161.0	1
27508	235.0	1
27549	1371.0	2
27565	2134.0	1
27581	705.0	1
27676	62.0	1
27724	0.0	1
27753	679.0	1
27787	819.0	1
27814	2257.0	1
27846	17.0	1
27876	2142.0	1
27903	0.0	1
27907	785.0	5
27926	613.0	1
27993	72.0	1
28002	92.0	1
28032	93.0	1
28105	593.0	1
28155	11.0	1
28171	521.0	1
28206	0.0	2
28211	1020.0	1
28261	865.0	1
28313	2039.0	1
28336	2203.0	1
28391	58.0	1
28423	0.0	2
28449	65.0	1
28494	425.0	1
28570	0.0	1
28584	21.0	1
28637	2149.0	1
28670	0.0	1
28689	651.0	1
28730	1240.0	1
28763	608.0	1
28769	2218.0	1
28780	2151.0	1
28798	2119.0	1
28803	593.0	1
28822	0.0	2
28833	0.0	1
28855	43.0	1
28876	2127.0	1
28943	909.0	1
28956	12.0	1
29059	507.0	1
29147	0.0	1
29162	905.0	1
29214	732.0	1
29356	934.0	1
29395	697.0	1
29398	629.0	1
29446	824.0	1
29466	199.0	1
29471	687.0	5
29472	21.0	1
29530	687.0	5
29531	962.0	1
29658	283.0	1
29667	2241.0	1
29673	0.0	1
29729	37.0	1
29738	736.0	1
29741	621.0	1
29759	25.0	1
29766	962.0	1
29846	631.0	1
29949	20.0	1
29967	0.0	1
29995	154.0	1
